
EXPLAN START

nnum = 0
iup = 0
kparm = 0
kparv = 1
nxd = 0 0 0 0 0
intd = 1000 1000 1000 1000 1000
irel = 1 1 1 1 1
nrvar = 2
ncolx = 3
nrelat = 1

HERE


HERE


EXPLAN: check

nnum = 3
iup = 1
kparm = 1
kparv = 1
nxd = 2 0 0 0 0
intd = 1 1000 1000 1000 1000
irel = 1 1 1 1 1
i = 0
ipxcd(i) = 0 2 3

EXPLAN iter = 0
nnum = 3
iup = 1
kparm = 1
nxd(kparm) = 0
intd(kparm) = 1000
irel(kparm) = 1

EXPLAN: EXIT

nnum = 3
iup = 1
kparm = 1
kparv = 1
nxd = 2 0 0 0 0
intd = 1 1000 1000 1000 1000
irel = 1 1 1 1 1
nrvar = 2
ncolx = 3
nrelat = 1

DISTXX iter = 0
kdist = 2
kmod = 2
kmodp = 3
npard = 3
igtyd(i) = 111
ipmark(i) = 1
maxpn = 20

DISTXX iter = 1
kdist = 2
kmod = 2
kmodp = 3
npard = 3
igtyd(i) = 222
ipmark(i) = 2
maxpn = 20

DISTXX iter = 2
kdist = 2
kmod = 2
kmodp = 3
npard = 3
igtyd(i) = 236
ipmark(i) = 3
maxpn = 20

GENMAX BEFORE ASTWW

i = 0
ipxcd(i) = 0 2 3
intd = 1 1 1 1 1
nxd = 2 0 0 0 0
irelad = 1 1 1 1 1
ynew = 5.73300
13.9490
15.6160
56.7230
12.0760
152.680
43.3310
18.0670
9.75000
156.725
112.968
138.114
122.372
21.3000
6.70500
112.002
11.8650
13.1810
8.48900
12.4340
13.0300
57.9230
121.075
200.027
211.629
155.000

xnew = 1.00000 145.900 4.98292 24.8295
1.00000 85.2000 4.44500 19.7580
1.00000 116.400 4.75703 22.6294
1.00000 87.2000 4.46820 19.9648
1.00000 100.100 4.60617 21.2168
1.00000 85.8000 4.45202 19.8205
1.00000 99.8000 4.60317 21.1892
1.00000 113.000 4.72739 22.3482
1.00000 120.400 4.79082 22.9520
1.00000 86.4000 4.45899 19.8826
1.00000 85.6000 4.44969 19.7997
1.00000 86.7000 4.46245 19.9135
1.00000 89.7000 4.49647 20.2183
1.00000 114.800 4.74319 22.4979
1.00000 144.500 4.97328 24.7335
1.00000 91.3000 4.51415 20.3776
1.00000 142.500 4.95934 24.5951
1.00000 100.500 4.61016 21.2536
1.00000 118.400 4.77407 22.7917
1.00000 118.600 4.77576 22.8078
1.00000 118.000 4.77068 22.7594
1.00000 80.8000 4.39198 19.2895
1.00000 87.3000 4.46935 19.9751
1.00000 80.6000 4.38950 19.2677
1.00000 80.3000 4.38577 19.2350
1.00000 84.3000 4.43438 19.6637

codes = 1 1 1 1 1 1 1 1 1 1 2 2 2 1 1 1 1 1 1 1 1 2 1 1 1 1
weights = 1 1 1 1 1 1 1 1 1 1 1 1 1 1 1 1 1 1 1 1 1 1 1 1 1 1
tc = 
tynew = 
maxpp = 6

DISTXX iter = 0
kdist = 2
kmod = 2
kmodp = 3
npard = 3
igtyd(i) = 111
ipmark(i) = 1
maxpn = 20

DISTXX iter = 1
kdist = 2
kmod = 2
kmodp = 3
npard = 3
igtyd(i) = 222
ipmark(i) = 2
maxpn = 20

DISTXX iter = 2
kdist = 2
kmod = 2
kmodp = 3
npard = 3
igtyd(i) = 236
ipmark(i) = 3
maxpn = 20

PXMAT

i = 0
xmat(i,0) = 1

PXMAT

i = 1
xmat(i,0) = 1

PXMAT

i = 2
xmat(i,0) = 1

PXMAT

i = 3
xmat(i,0) = 1

PXMAT

i = 4
xmat(i,0) = 1

PXMAT

i = 5
xmat(i,0) = 1

PXMAT

i = 6
xmat(i,0) = 1

PXMAT

i = 7
xmat(i,0) = 1

PXMAT

i = 8
xmat(i,0) = 1

PXMAT

i = 9
xmat(i,0) = 1

PXMAT

i = 10
xmat(i,0) = 1

PXMAT

i = 11
xmat(i,0) = 1

PXMAT

i = 12
xmat(i,0) = 1

PXMAT

i = 13
xmat(i,0) = 1

PXMAT

i = 14
xmat(i,0) = 1

PXMAT

i = 15
xmat(i,0) = 1

PXMAT

i = 16
xmat(i,0) = 1

PXMAT

i = 17
xmat(i,0) = 1

PXMAT

i = 18
xmat(i,0) = 1

PXMAT

i = 19
xmat(i,0) = 1

PXMAT

i = 20
xmat(i,0) = 1

PXMAT

i = 21
xmat(i,0) = 1

PXMAT

i = 22
xmat(i,0) = 1

PXMAT

i = 23
xmat(i,0) = 1

PXMAT

i = 24
xmat(i,0) = 1

PXMAT

i = 25
xmat(i,0) = 1

DISTXX iter = 0
kdist = 2
kmod = 2
kmodp = 3
npard = 3
igtyd(i) = 111
ipmark(i) = 1
maxpn = 3

DISTXX iter = 1
kdist = 2
kmod = 2
kmodp = 3
npard = 3
igtyd(i) = 222
ipmark(i) = 2
maxpn = 3

DISTXX iter = 2
kdist = 2
kmod = 2
kmodp = 3
npard = 3
igtyd(i) = 236
ipmark(i) = 3
maxpn = 3

PTPAR AFTER GSPLIT

igsave = 1
igkode = 1
iglab = 1
ignext = 1
itnext = 1
nxg = 2 0 0 0 0 0 0 0 0 0 0 0 0 0 0 0 0 0 0 0
nxd = 2 0 0 0 0
nterg = 3 1 0 1 0 0 0 0 0 0 0 0 0 0 0 0 0 0 0 0
kodet = 0 0 0 0 0
intg = 1 1 0 1 0 0 0 0 0 0 0 0 0 0 0 0 0 0 0 0
ipthet = 1 4 0 5 0 0 0 0 0 0 0 0 0 0 0 0 0 0 0 0
irelag = 1 1 0 1 0 0 0 0 0 0 0 0 0 0 0 0 0 0 0 0

PTPAR AFTER GSPLIT

igsave = 2
igkode = 2
iglab = 2
ignext = 2
itnext = 4
nxg = 2 0 0 0 0 0 0 0 0 0 0 0 0 0 0 0 0 0 0 0
nxd = 2 0 0 0 0
nterg = 3 1 0 1 0 0 0 0 0 0 0 0 0 0 0 0 0 0 0 0
kodet = 1 1 1 0 0
intg = 1 1 0 1 0 0 0 0 0 0 0 0 0 0 0 0 0 0 0 0
ipthet = 1 4 0 5 0 0 0 0 0 0 0 0 0 0 0 0 0 0 0 0
irelag = 1 1 0 1 0 0 0 0 0 0 0 0 0 0 0 0 0 0 0 0

PTPAR AFTER GSPLIT

igsave = 2
igkode = 3
iglab = 6
ignext = 4
itnext = 5
nxg = 2 0 0 0 0 0 0 0 0 0 0 0 0 0 0 0 0 0 0 0
nxd = 2 0 0 0 0
nterg = 3 1 0 1 0 0 0 0 0 0 0 0 0 0 0 0 0 0 0 0
kodet = 1 1 1 2 0
intg = 1 1 0 1 0 0 0 0 0 0 0 0 0 0 0 0 0 0 0 0
ipthet = 1 4 0 5 0 0 0 0 0 0 0 0 0 0 0 0 0 0 0 0
irelag = 1 1 0 1 0 0 0 0 0 0 0 0 0 0 0 0 0 0 0 0

PROEX1 **4**

j = 0
nxd(j) = 2
intd(j) = 1
nterd = 3
igtyd(j) = 111
irelad(j) = 1
j = 1
nxd(j) = 0
intd(j) = 1
nterd = 1
igtyd(j) = 222
irelad(j) = 1
j = 2
nxd(j) = 0
intd(j) = 1
nterd = 1
igtyd(j) = 236
irelad(j) = 1

PROEX1 **4** j = 0
nxg(j) = 2
intg(j) = 1
nterg(j) = 3
igtyg(j) = 1
irelag(j) = 1
ipthet(j) = 1

PROEX1 **4** j = 1
nxg(j) = 0
intg(j) = 1
nterg(j) = 1
igtyg(j) = 2
irelag(j) = 1
ipthet(j) = 4

PROEX1 **4** j = 2
nxg(j) = 0
intg(j) = 0
nterg(j) = 0
igtyg(j) = 0
irelag(j) = 0
ipthet(j) = 0

PROEX1 **4** j = 3
nxg(j) = 0
intg(j) = 1
nterg(j) = 1
igtyg(j) = 3
irelag(j) = 1
ipthet(j) = 5

PROEX1 **4** j = 4
nxg(j) = 0
intg(j) = 0
nterg(j) = 0
igtyg(j) = 0
irelag(j) = 0
ipthet(j) = 0

PROEX1 **4** j = 0
ifix(j) = 0
kodet(j) = 1

PROEX1 **4** j = 1
ifix(j) = 0
kodet(j) = 1

PROEX1 **4** j = 2
ifix(j) = 0
kodet(j) = 1

PROEX1 **4** j = 3
ifix(j) = 0
kodet(j) = 2

PROEX1 **4** j = 4
ifix(j) = 0
kodet(j) = 3
i = 0
ipxcd(i) = 0 2 3
i = 0
ipxcg(i) = 0 2 3

SETUP AFTER STSET

kmccde = 1

fdiscd**4**
iscd = 0 1 1 1

TRDAT**4** j = 0
iscd(j) = 0
xbar(j) = 1
xbaru(j) = 0
sd(j) = 1

TRDAT**4** j = 1
iscd(j) = 1
xbar(j) = 102.465
xbaru(j) = 102.465
sd(j) = 20.682

TRDAT**4** j = 2
iscd(j) = 1
xbar(j) = 4.61123
xbaru(j) = 4.61123
sd(j) = 0.191922

TRDAT**4** j = 3
iscd(j) = 1
xbar(j) = 21.2988
xbaru(j) = 21.2988
sd(j) = 1.79116

LEAVING TRDAT


SCPX START

ipthet = 1 4 0 5 0 0 0 0 0 0 0 0 0 0 0 0 0 0 0 0
ngame = 5
nterg = 3 1 0 1 0 0 0 0 0 0 0 0 0 0 0 0 0 0 0 0
nxg = 2 0 0 0 0 0 0 0 0 0 0 0 0 0 0 0 0 0 0 0
nparm = 5
thetas = 0 0 0 0 0
theta = 0 0 0 0 0

ENTERING SCLP


sclp**5**

j = 1
icolx(j) = 2
iscd(j) = 1
Int = 1
nter = 3
nstart = 2
theta = 0 0 0 0 0
thetas = 0 0 0 0 0
xbar(j) = 102.465
xbaru = 4.61123
sd(j) = 20.682
Const = 0
ipoint = 1

sclp**5**

j = 2
icolx(j) = 3
iscd(j) = 1
Int = 1
nter = 3
nstart = 2
theta = 0 0 0 0 0
thetas = 0 0 0 0 0
xbar(j) = 4.61123
xbaru = 21.2988
sd(j) = 0.191922
Const = 0
ipoint = 1

sclp**5**

icolx(0) = 0
iscd(0) = 0
Int = 1
nter = 3
nstart = 2
theta = 0 0 0 0 0
thetas = 0 0 0 0 0
xbar(0) = 0
xbaru = 1
sd(0) = 1
Const = 0

scpx**4**

igame = 0
ipthet = 1
intg = 1
nxg = 2
nterg = 3
theta = 0 0 0 0 0
thetas = 0 0 0 0 0
ipxcg(igame) = 0 2 3

scpx**4**

igame = 1
ipthet = 4
intg = 1
nxg = 0
nterg = 1
theta = 0 0 0 0 0
thetas = 0 0 0 0 0

scpx**4**

igame = 2
ipthet = 0
intg = 0
nxg = 0
nterg = 0
theta = 0 0 0 0 0
thetas = 0 0 0 0 0

scpx**4**

igame = 3
ipthet = 5
intg = 1
nxg = 0
nterg = 1
theta = 0 0 0 0 0
thetas = 0 0 0 0 0

scpx**4**

igame = 4
ipthet = 0
intg = 0
nxg = 0
nterg = 0
theta = 0 0 0 0 0
thetas = 0 0 0 0 0

scpx**END**

i = 0
theta(i) = 0
thetas(i) = 0

scpx**END**

i = 1
theta(i) = 0
thetas(i) = 0

scpx**END**

i = 2
theta(i) = 0
thetas(i) = 0

scpx**END**

i = 3
theta(i) = 0
thetas(i) = 0

scpx**END**

i = 4
theta(i) = 0
thetas(i) = 0

CCOUNT**3**

nrownw = 26
nc145 = 22
nc2 = 4
nc3 = 0

AST0XX**3**

iresid = 
0.00000
0.00000
0.00000
0.00000
0.00000
0.00000
0.00000
0.00000
0.00000
0.00000
0.00000
0.00000
0.00000
0.00000
0.00000
0.00000
0.00000
0.00000
0.00000
0.00000
0.00000
0.00000
0.00000
0.00000
0.00000
0.00000

iyhat = 
0.00000
0.00000
0.00000
0.00000
0.00000
0.00000
0.00000
0.00000
0.00000
0.00000
0.00000
0.00000
0.00000
0.00000
0.00000
0.00000
0.00000
0.00000
0.00000
0.00000
0.00000
0.00000
0.00000
0.00000
0.00000
0.00000

itimes = 
0.00000
0.00000
0.00000
0.00000
0.00000
0.00000
0.00000
0.00000
0.00000
0.00000
0.00000
0.00000
0.00000
0.00000
0.00000
0.00000
0.00000
0.00000
0.00000
0.00000
0.00000
0.00000
0.00000
0.00000
0.00000
0.00000

ip = 0 0 0 0 0 0 0 0 0 0 0 0 0 0 0 0 0 0 0 0 0 0 0 0 0 0 0 0 0
iq = 0 0 0 0 0 0 0 0 0 0 0 0 0 0 0 0 0 0 0 0 0 0 0 0 0 0 0 0 0
iprob = 0 0 0 0 0 0 0 0 0 0 0 0 0 0 0 0 0 0 0 0 0 0 0 0 0 0 0 0 0
ithtmp = 0 0 0 0 0
iypoin = 0 0 0 0 0 0 0 0 0 0 0 0 0 0 0 0 0 0 0 0 0 0 0 0 0 0 0 0 0
ippoin = 0 0 0 0 0 0 0 0 0 0 0 0 0 0 0 0 0 0 0 0 0 0 0 0 0 0 0 0 0
ipsd = 0 0 0 0 0 0 0 0 0 0 0 0 0 0 0 0 0 0 0 0 0 0 0 0 0 0 0 0 0
ippsd = 0 0 0 0 0 0 0 0 0 0 0 0 0 0 0 0 0 0 0 0 0 0 0 0 0 0 0 0 0
in ils, nrownw = 26

WLSQ1**4**


i = 0
y(i,) = 1.74624
weight(i) = 1
indwg = 1
yfix(i) = 0

i = 1
y(i,) = 2.63541
weight(i) = 1
indwg = 1
yfix(i) = 0

i = 2
y(i,) = 2.7483
weight(i) = 1
indwg = 1
yfix(i) = 0

i = 3
y(i,) = 4.03818
weight(i) = 1
indwg = 1
yfix(i) = 0

i = 4
y(i,) = 2.49122
weight(i) = 1
indwg = 1
yfix(i) = 0

i = 5
y(i,) = 5.02834
weight(i) = 1
indwg = 1
yfix(i) = 0

i = 6
y(i,) = 3.76887
weight(i) = 1
indwg = 1
yfix(i) = 0

i = 7
y(i,) = 2.89409
weight(i) = 1
indwg = 1
yfix(i) = 0

i = 8
y(i,) = 2.27727
weight(i) = 1
indwg = 1
yfix(i) = 0

i = 9
y(i,) = 5.05449
weight(i) = 1
indwg = 1
yfix(i) = 0

i = 10
y(i,) = 4.7271
weight(i) = 1
indwg = 1
yfix(i) = 0

i = 11
y(i,) = 4.92808
weight(i) = 1
indwg = 1
yfix(i) = 0

i = 12
y(i,) = 4.80707
weight(i) = 1
indwg = 1
yfix(i) = 0

i = 13
y(i,) = 3.05871
weight(i) = 1
indwg = 1
yfix(i) = 0

i = 14
y(i,) = 1.90285
weight(i) = 1
indwg = 1
yfix(i) = 0

i = 15
y(i,) = 4.71852
weight(i) = 1
indwg = 1
yfix(i) = 0

i = 16
y(i,) = 2.47359
weight(i) = 1
indwg = 1
yfix(i) = 0

i = 17
y(i,) = 2.57878
weight(i) = 1
indwg = 1
yfix(i) = 0

i = 18
y(i,) = 2.13877
weight(i) = 1
indwg = 1
yfix(i) = 0

i = 19
y(i,) = 2.52043
weight(i) = 1
indwg = 1
yfix(i) = 0

i = 20
y(i,) = 2.56725
weight(i) = 1
indwg = 1
yfix(i) = 0

i = 21
y(i,) = 4.05911
weight(i) = 1
indwg = 1
yfix(i) = 0

i = 22
y(i,) = 4.79641
weight(i) = 1
indwg = 1
yfix(i) = 0

i = 23
y(i,) = 5.29845
weight(i) = 1
indwg = 1
yfix(i) = 0

i = 24
y(i,) = 5.35483
weight(i) = 1
indwg = 1
yfix(i) = 0

i = 25
y(i,) = 5.04343
weight(i) = 1
indwg = 1
yfix(i) = 0

BEFORE DINVX

vcv = 
26.0000 -2.58682e-014 -5.09592e-014 0.00000 0.00000
-2.58682e-014 25.0000 24.9152 0.00000 0.00000
-5.09592e-014 24.9152 25.0000 0.00000 0.00000
0.00000 0.00000 0.00000 0.00000 0.00000
0.00000 0.00000 0.00000 0.00000 0.00000

ntermm = 3
idim = 5

DINVX**1**

imax = 1
jmax = 1
jc = 1 2 3 0 0
ir = 1 2 3 0 0
temp = 26
tol = 2.6e-019
nr = 3
ntp1 = 4

DINVX**2**

vcv = 26.0000 -2.58682e-014 -5.09592e-014 0.00000 0.00000
-2.58682e-014 25.0000 24.9152 0.00000 0.00000
-5.09592e-014 24.9152 25.0000 0.00000 0.00000
0.00000 0.00000 0.00000 0.00000 0.00000
0.00000 0.00000 0.00000 0.00000 0.00000


DINVX**3**

vcv = 
26.0000 -2.58682e-014 -5.09592e-014 0.00000 0.00000
-2.58682e-014 25.0000 24.9152 0.00000 0.00000
-5.09592e-014 24.9152 25.0000 0.00000 0.00000
0.00000 0.00000 0.00000 0.00000 0.00000
0.00000 0.00000 0.00000 0.00000 0.00000


DINVX**4**

jc = 1 2 3 0 0
ir = 1 2 3 0 0

DINVX**4**

vcv = 
26.0000 -2.58682e-014 -5.09592e-014 1.00000 0.00000
-2.58682e-014 25.0000 24.9152 0.00000 0.00000
-5.09592e-014 24.9152 25.0000 0.00000 0.00000
0.00000 0.00000 0.00000 0.00000 0.00000
0.00000 0.00000 0.00000 0.00000 0.00000


DINVX**5**

vcv = 
1.00000 -9.94931e-016 -1.95997e-015 0.0384615 0.00000
0.00000 25.0000 24.9152 9.94931e-016 0.00000
0.00000 24.9152 25.0000 1.95997e-015 0.00000
0.00000 0.00000 0.00000 0.00000 0.00000
0.00000 0.00000 0.00000 0.00000 0.00000


DINVX**1**

imax = 2
jmax = 2
jc = 1 2 3 0 0
ir = 1 2 3 0 0
temp = 25
tol = 2.6e-019
nr = 3
ntp1 = 4

DINVX**2**

vcv = 0.0384615 -9.94931e-016 -1.95997e-015 0.0384615 0.00000
9.94931e-016 25.0000 24.9152 9.94931e-016 0.00000
1.95997e-015 24.9152 25.0000 1.95997e-015 0.00000
0.00000 0.00000 0.00000 0.00000 0.00000
0.00000 0.00000 0.00000 0.00000 0.00000


DINVX**3**

vcv = 
0.0384615 -9.94931e-016 -1.95997e-015 0.0384615 0.00000
9.94931e-016 25.0000 24.9152 9.94931e-016 0.00000
1.95997e-015 24.9152 25.0000 1.95997e-015 0.00000
0.00000 0.00000 0.00000 0.00000 0.00000
0.00000 0.00000 0.00000 0.00000 0.00000


DINVX**4**

jc = 1 2 3 0 0
ir = 1 2 3 0 0

DINVX**4**

vcv = 
0.0384615 -9.94931e-016 -1.95997e-015 0.00000 0.00000
9.94931e-016 25.0000 24.9152 1.00000 0.00000
1.95997e-015 24.9152 25.0000 0.00000 0.00000
0.00000 0.00000 0.00000 0.00000 0.00000
0.00000 0.00000 0.00000 0.00000 0.00000


DINVX**5**

vcv = 
0.0384615 0.00000 -9.68414e-016 3.97972e-017 0.00000
3.97972e-017 1.00000 0.996609 0.0400000 0.00000
9.68414e-016 0.00000 0.169260 -0.996609 0.00000
0.00000 0.00000 0.00000 0.00000 0.00000
0.00000 0.00000 0.00000 0.00000 0.00000


DINVX**1**

imax = 3
jmax = 3
jc = 1 2 3 0 0
ir = 1 2 3 0 0
temp = 0.16926
tol = 2.6e-019
nr = 3
ntp1 = 4

DINVX**2**

vcv = 0.0384615 3.97972e-017 -9.68414e-016 3.97972e-017 0.00000
3.97972e-017 0.0400000 0.996609 0.0400000 0.00000
9.68414e-016 -0.996609 0.169260 -0.996609 0.00000
0.00000 0.00000 0.00000 0.00000 0.00000
0.00000 0.00000 0.00000 0.00000 0.00000


DINVX**3**

vcv = 
0.0384615 3.97972e-017 -9.68414e-016 3.97972e-017 0.00000
3.97972e-017 0.0400000 0.996609 0.0400000 0.00000
9.68414e-016 -0.996609 0.169260 -0.996609 0.00000
0.00000 0.00000 0.00000 0.00000 0.00000
0.00000 0.00000 0.00000 0.00000 0.00000


DINVX**4**

jc = 1 2 3 0 0
ir = 1 2 3 0 0

DINVX**4**

vcv = 
0.0384615 3.97972e-017 -9.68414e-016 0.00000 0.00000
3.97972e-017 0.0400000 0.996609 0.00000 0.00000
9.68414e-016 -0.996609 0.169260 1.00000 0.00000
0.00000 0.00000 0.00000 0.00000 0.00000
0.00000 0.00000 0.00000 0.00000 0.00000


DINVX**5**

vcv = 
0.0384615 -5.66225e-015 0.00000 5.72145e-015 0.00000
-5.66225e-015 5.90806 0.00000 -5.88803 0.00000
5.72145e-015 -5.88803 1.00000 5.90806 0.00000
0.00000 0.00000 0.00000 0.00000 0.00000
0.00000 0.00000 0.00000 0.00000 0.00000


DINVX**6**

vcv = 
0.0384615 -5.66225e-015 5.72145e-015 5.72145e-015 0.00000
-5.66225e-015 5.90806 -5.88803 -5.88803 0.00000
5.72145e-015 -5.88803 5.90806 5.90806 0.00000
0.00000 0.00000 0.00000 0.00000 0.00000
0.00000 0.00000 0.00000 0.00000 0.00000


DINVX**7**

vcv = 
0.0384615 -5.66225e-015 5.72145e-015 5.72145e-015 0.00000
-5.66225e-015 5.90806 -5.88803 -5.88803 0.00000
5.72145e-015 -5.88803 5.90806 5.90806 0.00000
0.00000 0.00000 0.00000 0.00000 0.00000
0.00000 0.00000 0.00000 0.00000 0.00000

ir = 
1 2 3 0 0
jc = 
1 2 3 0 0

AFTER DINVX

vcv = 
0.0384615 -5.66225e-015 5.72145e-015 5.72145e-015 0.00000
-5.66225e-015 5.90806 -5.88803 -5.88803 0.00000
5.72145e-015 -5.88803 5.90806 5.90806 0.00000
0.00000 0.00000 0.00000 0.00000 0.00000
0.00000 0.00000 0.00000 0.00000 0.00000

ntermm = 3
idim = 5

BEFORE WLRSRD

vcv = 
0.0384615 -5.66225e-015 5.72145e-015 5.72145e-015 0.00000
-5.66225e-015 5.90806 -5.88803 -5.88803 0.00000
5.72145e-015 -5.88803 5.90806 5.90806 0.00000
0.00000 0.00000 0.00000 0.00000 0.00000
0.00000 0.00000 0.00000 0.00000 0.00000

resid = 
0.00000
0.00000
0.00000
0.00000
0.00000
0.00000
0.00000
0.00000
0.00000
0.00000
0.00000
0.00000
0.00000
0.00000
0.00000
0.00000
0.00000
0.00000
0.00000
0.00000
0.00000
0.00000
0.00000
0.00000
0.00000
0.00000

idim = 5
beta = 3.60215 2.56398 -3.6102 0 0
sd = 0

AFTER WLRSRD

resid = 
-0.248742
-1.95320
0.161305
-0.361965
-0.912832
0.497400
0.345576
0.171048
-0.169993
0.580277
0.177126
0.481758
0.628773
0.409729
-0.0999030
0.674445
0.456557
-0.799809
-0.375627
0.0130329
0.0386767
-0.981372
0.405500
0.236109
0.259519
0.366616

beta = 3.60215 2.56398 -3.6102 0 0
sd = 0.635759

AFTER MATEXP

vcv = 
0.0384615 -5.66225e-015 5.72145e-015 5.72145e-015 0.00000
-5.66225e-015 5.90806 -5.88803 -5.88803 0.00000
5.72145e-015 -5.88803 5.90806 5.90806 0.00000
0.00000 0.00000 0.00000 0.00000 0.00000
0.00000 0.00000 0.00000 0.00000 0.00000

ntermm = 3
idim = 5

END OF WLSQ1

vcv = 
0.0155458 -2.28863e-015 2.31255e-015 5.72145e-015 0.00000
-2.28863e-015 2.38798 -2.37988 -5.88803 0.00000
2.31255e-015 -2.37988 2.38798 5.90806 0.00000
0.00000 0.00000 0.00000 0.00000 0.00000
0.00000 0.00000 0.00000 0.00000 0.00000

nter = 3
ntermm = 3
idim = 5

ILSXX**3**

sigma = 0.635759
resid = 
-0.248742
-1.95320
0.161305
-0.361965
-0.912832
0.497400
0.345576
0.171048
-0.169993
0.580277
0.177126
0.481758
0.628773
0.409729
-0.0999030
0.674445
0.456557
-0.799809
-0.375627
0.0130329
0.0386767
-0.981372
0.405500
0.236109
0.259519
0.366616


ESTEP**5**

i = 0
codes(i) = 1
phibm = 0
phib = 0
phis = 0
xmu = 0
sigma = 0.635759
y(i,) = 1.74624
times(i) = 1.74624
i = 1
codes(i) = 1
phibm = 0
phib = 0
phis = 0
xmu = 0
sigma = 0.635759
y(i,) = 2.63541
times(i) = 2.63541
i = 2
codes(i) = 1
phibm = 0
phib = 0
phis = 0
xmu = 0
sigma = 0.635759
y(i,) = 2.7483
times(i) = 2.7483
i = 3
codes(i) = 1
phibm = 0
phib = 0
phis = 0
xmu = 0
sigma = 0.635759
y(i,) = 4.03818
times(i) = 4.03818
i = 4
codes(i) = 1
phibm = 0
phib = 0
phis = 0
xmu = 0
sigma = 0.635759
y(i,) = 2.49122
times(i) = 2.49122
i = 5
codes(i) = 1
phibm = 0
phib = 0
phis = 0
xmu = 0
sigma = 0.635759
y(i,) = 5.02834
times(i) = 5.02834
i = 6
codes(i) = 1
phibm = 0
phib = 0
phis = 0
xmu = 0
sigma = 0.635759
y(i,) = 3.76887
times(i) = 3.76887
i = 7
codes(i) = 1
phibm = 0
phib = 0
phis = 0
xmu = 0
sigma = 0.635759
y(i,) = 2.89409
times(i) = 2.89409
i = 8
codes(i) = 1
phibm = 0
phib = 0
phis = 0
xmu = 0
sigma = 0.635759
y(i,) = 2.27727
times(i) = 2.27727
i = 9
codes(i) = 1
phibm = 0
phib = 0
phis = 0
xmu = 0
sigma = 0.635759
y(i,) = 5.05449
times(i) = 5.05449
i = 10
codes(i) = 2
phibm = 0.390274
phib = 0.609726
phis = 0.383756
xmu = 4.54998
sigma = 0.635759
y(i,) = 4.7271
times(i) = 5.17512
i = 11
codes(i) = 2
phibm = 0.224295
phib = 0.775705
phis = 0.299379
xmu = 4.44632
sigma = 0.635759
y(i,) = 4.92808
times(i) = 5.29491
i = 12
codes(i) = 2
phibm = 0.161329
phib = 0.838671
phis = 0.24463
xmu = 4.17829
sigma = 0.635759
y(i,) = 4.80707
times(i) = 5.14232
i = 13
codes(i) = 1
phibm = 0.161329
phib = 0.838671
phis = 0.24463
xmu = 4.17829
sigma = 0.635759
y(i,) = 3.05871
times(i) = 3.05871
i = 14
codes(i) = 1
phibm = 0.161329
phib = 0.838671
phis = 0.24463
xmu = 4.17829
sigma = 0.635759
y(i,) = 1.90285
times(i) = 1.90285
i = 15
codes(i) = 1
phibm = 0.161329
phib = 0.838671
phis = 0.24463
xmu = 4.17829
sigma = 0.635759
y(i,) = 4.71852
times(i) = 4.71852
i = 16
codes(i) = 1
phibm = 0.161329
phib = 0.838671
phis = 0.24463
xmu = 4.17829
sigma = 0.635759
y(i,) = 2.47359
times(i) = 2.47359
i = 17
codes(i) = 1
phibm = 0.161329
phib = 0.838671
phis = 0.24463
xmu = 4.17829
sigma = 0.635759
y(i,) = 2.57878
times(i) = 2.57878
i = 18
codes(i) = 1
phibm = 0.161329
phib = 0.838671
phis = 0.24463
xmu = 4.17829
sigma = 0.635759
y(i,) = 2.13877
times(i) = 2.13877
i = 19
codes(i) = 1
phibm = 0.161329
phib = 0.838671
phis = 0.24463
xmu = 4.17829
sigma = 0.635759
y(i,) = 2.52043
times(i) = 2.52043
i = 20
codes(i) = 1
phibm = 0.161329
phib = 0.838671
phis = 0.24463
xmu = 4.17829
sigma = 0.635759
y(i,) = 2.56725
times(i) = 2.56725
i = 21
codes(i) = 2
phibm = 0.93866
phib = 0.0613399
phis = 0.121199
xmu = 5.04049
sigma = 0.635759
y(i,) = 4.05911
times(i) = 5.12258
i = 22
codes(i) = 1
phibm = 0.93866
phib = 0.0613399
phis = 0.121199
xmu = 5.04049
sigma = 0.635759
y(i,) = 4.79641
times(i) = 4.79641
i = 23
codes(i) = 1
phibm = 0.93866
phib = 0.0613399
phis = 0.121199
xmu = 5.04049
sigma = 0.635759
y(i,) = 5.29845
times(i) = 5.29845
i = 24
codes(i) = 1
phibm = 0.93866
phib = 0.0613399
phis = 0.121199
xmu = 5.04049
sigma = 0.635759
y(i,) = 5.35483
times(i) = 5.35483
i = 25
codes(i) = 1
phibm = 0.93866
phib = 0.0613399
phis = 0.121199
xmu = 5.04049
sigma = 0.635759
y(i,) = 5.04343
times(i) = 5.04343

WLSQ1**4**


i = 0
y(i,) = 1.74624
weight(i) = 1
indwg = 1
yfix(i) = 0

i = 1
y(i,) = 2.63541
weight(i) = 1
indwg = 1
yfix(i) = 0

i = 2
y(i,) = 2.7483
weight(i) = 1
indwg = 1
yfix(i) = 0

i = 3
y(i,) = 4.03818
weight(i) = 1
indwg = 1
yfix(i) = 0

i = 4
y(i,) = 2.49122
weight(i) = 1
indwg = 1
yfix(i) = 0

i = 5
y(i,) = 5.02834
weight(i) = 1
indwg = 1
yfix(i) = 0

i = 6
y(i,) = 3.76887
weight(i) = 1
indwg = 1
yfix(i) = 0

i = 7
y(i,) = 2.89409
weight(i) = 1
indwg = 1
yfix(i) = 0

i = 8
y(i,) = 2.27727
weight(i) = 1
indwg = 1
yfix(i) = 0

i = 9
y(i,) = 5.05449
weight(i) = 1
indwg = 1
yfix(i) = 0

i = 10
y(i,) = 5.17512
weight(i) = 1
indwg = 1
yfix(i) = 0

i = 11
y(i,) = 5.29491
weight(i) = 1
indwg = 1
yfix(i) = 0

i = 12
y(i,) = 5.14232
weight(i) = 1
indwg = 1
yfix(i) = 0

i = 13
y(i,) = 3.05871
weight(i) = 1
indwg = 1
yfix(i) = 0

i = 14
y(i,) = 1.90285
weight(i) = 1
indwg = 1
yfix(i) = 0

i = 15
y(i,) = 4.71852
weight(i) = 1
indwg = 1
yfix(i) = 0

i = 16
y(i,) = 2.47359
weight(i) = 1
indwg = 1
yfix(i) = 0

i = 17
y(i,) = 2.57878
weight(i) = 1
indwg = 1
yfix(i) = 0

i = 18
y(i,) = 2.13877
weight(i) = 1
indwg = 1
yfix(i) = 0

i = 19
y(i,) = 2.52043
weight(i) = 1
indwg = 1
yfix(i) = 0

i = 20
y(i,) = 2.56725
weight(i) = 1
indwg = 1
yfix(i) = 0

i = 21
y(i,) = 5.12258
weight(i) = 1
indwg = 1
yfix(i) = 0

i = 22
y(i,) = 4.79641
weight(i) = 1
indwg = 1
yfix(i) = 0

i = 23
y(i,) = 5.29845
weight(i) = 1
indwg = 1
yfix(i) = 0

i = 24
y(i,) = 5.35483
weight(i) = 1
indwg = 1
yfix(i) = 0

i = 25
y(i,) = 5.04343
weight(i) = 1
indwg = 1
yfix(i) = 0

BEFORE DINVX

vcv = 
26.0000 -2.58682e-014 -5.09592e-014 0.00000 0.00000
-2.58682e-014 25.0000 24.9152 0.00000 0.00000
-5.09592e-014 24.9152 25.0000 0.00000 0.00000
0.00000 0.00000 0.00000 0.00000 0.00000
0.00000 0.00000 0.00000 0.00000 0.00000

ntermm = 3
idim = 5

DINVX**1**

imax = 1
jmax = 1
jc = 1 2 3 0 0
ir = 1 2 3 0 0
temp = 26
tol = 2.6e-019
nr = 3
ntp1 = 4

DINVX**2**

vcv = 26.0000 -2.58682e-014 -5.09592e-014 0.00000 0.00000
-2.58682e-014 25.0000 24.9152 0.00000 0.00000
-5.09592e-014 24.9152 25.0000 0.00000 0.00000
0.00000 0.00000 0.00000 0.00000 0.00000
0.00000 0.00000 0.00000 0.00000 0.00000


DINVX**3**

vcv = 
26.0000 -2.58682e-014 -5.09592e-014 0.00000 0.00000
-2.58682e-014 25.0000 24.9152 0.00000 0.00000
-5.09592e-014 24.9152 25.0000 0.00000 0.00000
0.00000 0.00000 0.00000 0.00000 0.00000
0.00000 0.00000 0.00000 0.00000 0.00000


DINVX**4**

jc = 1 2 3 0 0
ir = 1 2 3 0 0

DINVX**4**

vcv = 
26.0000 -2.58682e-014 -5.09592e-014 1.00000 0.00000
-2.58682e-014 25.0000 24.9152 0.00000 0.00000
-5.09592e-014 24.9152 25.0000 0.00000 0.00000
0.00000 0.00000 0.00000 0.00000 0.00000
0.00000 0.00000 0.00000 0.00000 0.00000


DINVX**5**

vcv = 
1.00000 -9.94931e-016 -1.95997e-015 0.0384615 0.00000
0.00000 25.0000 24.9152 9.94931e-016 0.00000
0.00000 24.9152 25.0000 1.95997e-015 0.00000
0.00000 0.00000 0.00000 0.00000 0.00000
0.00000 0.00000 0.00000 0.00000 0.00000


DINVX**1**

imax = 2
jmax = 2
jc = 1 2 3 0 0
ir = 1 2 3 0 0
temp = 25
tol = 2.6e-019
nr = 3
ntp1 = 4

DINVX**2**

vcv = 0.0384615 -9.94931e-016 -1.95997e-015 0.0384615 0.00000
9.94931e-016 25.0000 24.9152 9.94931e-016 0.00000
1.95997e-015 24.9152 25.0000 1.95997e-015 0.00000
0.00000 0.00000 0.00000 0.00000 0.00000
0.00000 0.00000 0.00000 0.00000 0.00000


DINVX**3**

vcv = 
0.0384615 -9.94931e-016 -1.95997e-015 0.0384615 0.00000
9.94931e-016 25.0000 24.9152 9.94931e-016 0.00000
1.95997e-015 24.9152 25.0000 1.95997e-015 0.00000
0.00000 0.00000 0.00000 0.00000 0.00000
0.00000 0.00000 0.00000 0.00000 0.00000


DINVX**4**

jc = 1 2 3 0 0
ir = 1 2 3 0 0

DINVX**4**

vcv = 
0.0384615 -9.94931e-016 -1.95997e-015 0.00000 0.00000
9.94931e-016 25.0000 24.9152 1.00000 0.00000
1.95997e-015 24.9152 25.0000 0.00000 0.00000
0.00000 0.00000 0.00000 0.00000 0.00000
0.00000 0.00000 0.00000 0.00000 0.00000


DINVX**5**

vcv = 
0.0384615 0.00000 -9.68414e-016 3.97972e-017 0.00000
3.97972e-017 1.00000 0.996609 0.0400000 0.00000
9.68414e-016 0.00000 0.169260 -0.996609 0.00000
0.00000 0.00000 0.00000 0.00000 0.00000
0.00000 0.00000 0.00000 0.00000 0.00000


DINVX**1**

imax = 3
jmax = 3
jc = 1 2 3 0 0
ir = 1 2 3 0 0
temp = 0.16926
tol = 2.6e-019
nr = 3
ntp1 = 4

DINVX**2**

vcv = 0.0384615 3.97972e-017 -9.68414e-016 3.97972e-017 0.00000
3.97972e-017 0.0400000 0.996609 0.0400000 0.00000
9.68414e-016 -0.996609 0.169260 -0.996609 0.00000
0.00000 0.00000 0.00000 0.00000 0.00000
0.00000 0.00000 0.00000 0.00000 0.00000


DINVX**3**

vcv = 
0.0384615 3.97972e-017 -9.68414e-016 3.97972e-017 0.00000
3.97972e-017 0.0400000 0.996609 0.0400000 0.00000
9.68414e-016 -0.996609 0.169260 -0.996609 0.00000
0.00000 0.00000 0.00000 0.00000 0.00000
0.00000 0.00000 0.00000 0.00000 0.00000


DINVX**4**

jc = 1 2 3 0 0
ir = 1 2 3 0 0

DINVX**4**

vcv = 
0.0384615 3.97972e-017 -9.68414e-016 0.00000 0.00000
3.97972e-017 0.0400000 0.996609 0.00000 0.00000
9.68414e-016 -0.996609 0.169260 1.00000 0.00000
0.00000 0.00000 0.00000 0.00000 0.00000
0.00000 0.00000 0.00000 0.00000 0.00000


DINVX**5**

vcv = 
0.0384615 -5.66225e-015 0.00000 5.72145e-015 0.00000
-5.66225e-015 5.90806 0.00000 -5.88803 0.00000
5.72145e-015 -5.88803 1.00000 5.90806 0.00000
0.00000 0.00000 0.00000 0.00000 0.00000
0.00000 0.00000 0.00000 0.00000 0.00000


DINVX**6**

vcv = 
0.0384615 -5.66225e-015 5.72145e-015 5.72145e-015 0.00000
-5.66225e-015 5.90806 -5.88803 -5.88803 0.00000
5.72145e-015 -5.88803 5.90806 5.90806 0.00000
0.00000 0.00000 0.00000 0.00000 0.00000
0.00000 0.00000 0.00000 0.00000 0.00000


DINVX**7**

vcv = 
0.0384615 -5.66225e-015 5.72145e-015 5.72145e-015 0.00000
-5.66225e-015 5.90806 -5.88803 -5.88803 0.00000
5.72145e-015 -5.88803 5.90806 5.90806 0.00000
0.00000 0.00000 0.00000 0.00000 0.00000
0.00000 0.00000 0.00000 0.00000 0.00000

ir = 
1 2 3 0 0
jc = 
1 2 3 0 0

AFTER DINVX

vcv = 
0.0384615 -5.66225e-015 5.72145e-015 5.72145e-015 0.00000
-5.66225e-015 5.90806 -5.88803 -5.88803 0.00000
5.72145e-015 -5.88803 5.90806 5.90806 0.00000
0.00000 0.00000 0.00000 0.00000 0.00000
0.00000 0.00000 0.00000 0.00000 0.00000

ntermm = 3
idim = 5

BEFORE WLRSRD

vcv = 
0.0384615 -5.66225e-015 5.72145e-015 5.72145e-015 0.00000
-5.66225e-015 5.90806 -5.88803 -5.88803 0.00000
5.72145e-015 -5.88803 5.90806 5.90806 0.00000
0.00000 0.00000 0.00000 0.00000 0.00000
0.00000 0.00000 0.00000 0.00000 0.00000

resid = 
-0.248742
-1.95320
0.161305
-0.361965
-0.912832
0.497400
0.345576
0.171048
-0.169993
0.580277
0.177126
0.481758
0.628773
0.409729
-0.0999030
0.674445
0.456557
-0.799809
-0.375627
0.0130329
0.0386767
-0.981372
0.405500
0.236109
0.259519
0.366616

idim = 5
beta = 3.68728 3.17749 -4.3047 0 0
sd = 0.635759

AFTER WLRSRD

resid = 
-0.277287
-2.12771
0.190422
-0.511843
-0.946106
0.330503
0.310344
0.193764
-0.137257
0.420803
0.455745
0.692731
0.842291
0.436226
-0.121803
0.569223
0.443540
-0.830510
-0.344176
0.0446667
0.0697259
-0.153754
0.256818
-0.00277530
0.0160358
0.180381

beta = 3.68728 3.17749 -4.3047 0 0
sd = 0.635773

AFTER MATEXP

vcv = 
0.0384615 -5.66225e-015 5.72145e-015 5.72145e-015 0.00000
-5.66225e-015 5.90806 -5.88803 -5.88803 0.00000
5.72145e-015 -5.88803 5.90806 5.90806 0.00000
0.00000 0.00000 0.00000 0.00000 0.00000
0.00000 0.00000 0.00000 0.00000 0.00000

ntermm = 3
idim = 5

END OF WLSQ1

vcv = 
0.0155464 -2.28872e-015 2.31265e-015 5.72145e-015 0.00000
-2.28872e-015 2.38808 -2.37998 -5.88803 0.00000
2.31265e-015 -2.37998 2.38808 5.90806 0.00000
0.00000 0.00000 0.00000 0.00000 0.00000
0.00000 0.00000 0.00000 0.00000 0.00000

nter = 3
ntermm = 3
idim = 5
nitr = 1
maxitr = 25
thetas = 3.68728 3.17749 -4.3047 0.635773 0

CCHECK**5**

i = 0
thetas(i) = 3.68728
thtmp(i) = 3.60215
diff = 0.0851368
reldiff = 0.023635
lrel = 1
lconv = 1

ESTEP**5**

i = 0
codes(i) = 1
phibm = 0
phib = 0
phis = 0
xmu = 0
sigma = 0.635773
y(i,) = 1.74624
times(i) = 1.74624
i = 1
codes(i) = 1
phibm = 0
phib = 0
phis = 0
xmu = 0
sigma = 0.635773
y(i,) = 2.63541
times(i) = 2.63541
i = 2
codes(i) = 1
phibm = 0
phib = 0
phis = 0
xmu = 0
sigma = 0.635773
y(i,) = 2.7483
times(i) = 2.7483
i = 3
codes(i) = 1
phibm = 0
phib = 0
phis = 0
xmu = 0
sigma = 0.635773
y(i,) = 4.03818
times(i) = 4.03818
i = 4
codes(i) = 1
phibm = 0
phib = 0
phis = 0
xmu = 0
sigma = 0.635773
y(i,) = 2.49122
times(i) = 2.49122
i = 5
codes(i) = 1
phibm = 0
phib = 0
phis = 0
xmu = 0
sigma = 0.635773
y(i,) = 5.02834
times(i) = 5.02834
i = 6
codes(i) = 1
phibm = 0
phib = 0
phis = 0
xmu = 0
sigma = 0.635773
y(i,) = 3.76887
times(i) = 3.76887
i = 7
codes(i) = 1
phibm = 0
phib = 0
phis = 0
xmu = 0
sigma = 0.635773
y(i,) = 2.89409
times(i) = 2.89409
i = 8
codes(i) = 1
phibm = 0
phib = 0
phis = 0
xmu = 0
sigma = 0.635773
y(i,) = 2.27727
times(i) = 2.27727
i = 9
codes(i) = 1
phibm = 0
phib = 0
phis = 0
xmu = 0
sigma = 0.635773
y(i,) = 5.05449
times(i) = 5.05449
i = 10
codes(i) = 2
phibm = 0.49515
phib = 0.50485
phis = 0.398913
xmu = 4.71938
sigma = 0.635773
y(i,) = 4.7271
times(i) = 5.23158
i = 11
codes(i) = 2
phibm = 0.304111
phib = 0.695889
phis = 0.349824
xmu = 4.60217
sigma = 0.635773
y(i,) = 4.92808
times(i) = 5.33351
i = 12
codes(i) = 2
phibm = 0.212577
phib = 0.787423
phis = 0.290268
xmu = 4.30003
sigma = 0.635773
y(i,) = 4.80707
times(i) = 5.16816
i = 13
codes(i) = 1
phibm = 0.212577
phib = 0.787423
phis = 0.290268
xmu = 4.30003
sigma = 0.635773
y(i,) = 3.05871
times(i) = 3.05871
i = 14
codes(i) = 1
phibm = 0.212577
phib = 0.787423
phis = 0.290268
xmu = 4.30003
sigma = 0.635773
y(i,) = 1.90285
times(i) = 1.90285
i = 15
codes(i) = 1
phibm = 0.212577
phib = 0.787423
phis = 0.290268
xmu = 4.30003
sigma = 0.635773
y(i,) = 4.71852
times(i) = 4.71852
i = 16
codes(i) = 1
phibm = 0.212577
phib = 0.787423
phis = 0.290268
xmu = 4.30003
sigma = 0.635773
y(i,) = 2.47359
times(i) = 2.47359
i = 17
codes(i) = 1
phibm = 0.212577
phib = 0.787423
phis = 0.290268
xmu = 4.30003
sigma = 0.635773
y(i,) = 2.57878
times(i) = 2.57878
i = 18
codes(i) = 1
phibm = 0.212577
phib = 0.787423
phis = 0.290268
xmu = 4.30003
sigma = 0.635773
y(i,) = 2.13877
times(i) = 2.13877
i = 19
codes(i) = 1
phibm = 0.212577
phib = 0.787423
phis = 0.290268
xmu = 4.30003
sigma = 0.635773
y(i,) = 2.52043
times(i) = 2.52043
i = 20
codes(i) = 1
phibm = 0.212577
phib = 0.787423
phis = 0.290268
xmu = 4.30003
sigma = 0.635773
y(i,) = 2.56725
times(i) = 2.56725
i = 21
codes(i) = 2
phibm = 0.972225
phib = 0.0277753
phis = 0.0638206
xmu = 5.27633
sigma = 0.635773
y(i,) = 4.05911
times(i) = 5.31806
i = 22
codes(i) = 1
phibm = 0.972225
phib = 0.0277753
phis = 0.0638206
xmu = 5.27633
sigma = 0.635773
y(i,) = 4.79641
times(i) = 4.79641
i = 23
codes(i) = 1
phibm = 0.972225
phib = 0.0277753
phis = 0.0638206
xmu = 5.27633
sigma = 0.635773
y(i,) = 5.29845
times(i) = 5.29845
i = 24
codes(i) = 1
phibm = 0.972225
phib = 0.0277753
phis = 0.0638206
xmu = 5.27633
sigma = 0.635773
y(i,) = 5.35483
times(i) = 5.35483
i = 25
codes(i) = 1
phibm = 0.972225
phib = 0.0277753
phis = 0.0638206
xmu = 5.27633
sigma = 0.635773
y(i,) = 5.04343
times(i) = 5.04343

WLSQ1**4**


i = 0
y(i,) = 1.74624
weight(i) = 1
indwg = 1
yfix(i) = 0

i = 1
y(i,) = 2.63541
weight(i) = 1
indwg = 1
yfix(i) = 0

i = 2
y(i,) = 2.7483
weight(i) = 1
indwg = 1
yfix(i) = 0

i = 3
y(i,) = 4.03818
weight(i) = 1
indwg = 1
yfix(i) = 0

i = 4
y(i,) = 2.49122
weight(i) = 1
indwg = 1
yfix(i) = 0

i = 5
y(i,) = 5.02834
weight(i) = 1
indwg = 1
yfix(i) = 0

i = 6
y(i,) = 3.76887
weight(i) = 1
indwg = 1
yfix(i) = 0

i = 7
y(i,) = 2.89409
weight(i) = 1
indwg = 1
yfix(i) = 0

i = 8
y(i,) = 2.27727
weight(i) = 1
indwg = 1
yfix(i) = 0

i = 9
y(i,) = 5.05449
weight(i) = 1
indwg = 1
yfix(i) = 0

i = 10
y(i,) = 5.23158
weight(i) = 1
indwg = 1
yfix(i) = 0

i = 11
y(i,) = 5.33351
weight(i) = 1
indwg = 1
yfix(i) = 0

i = 12
y(i,) = 5.16816
weight(i) = 1
indwg = 1
yfix(i) = 0

i = 13
y(i,) = 3.05871
weight(i) = 1
indwg = 1
yfix(i) = 0

i = 14
y(i,) = 1.90285
weight(i) = 1
indwg = 1
yfix(i) = 0

i = 15
y(i,) = 4.71852
weight(i) = 1
indwg = 1
yfix(i) = 0

i = 16
y(i,) = 2.47359
weight(i) = 1
indwg = 1
yfix(i) = 0

i = 17
y(i,) = 2.57878
weight(i) = 1
indwg = 1
yfix(i) = 0

i = 18
y(i,) = 2.13877
weight(i) = 1
indwg = 1
yfix(i) = 0

i = 19
y(i,) = 2.52043
weight(i) = 1
indwg = 1
yfix(i) = 0

i = 20
y(i,) = 2.56725
weight(i) = 1
indwg = 1
yfix(i) = 0

i = 21
y(i,) = 5.31806
weight(i) = 1
indwg = 1
yfix(i) = 0

i = 22
y(i,) = 4.79641
weight(i) = 1
indwg = 1
yfix(i) = 0

i = 23
y(i,) = 5.29845
weight(i) = 1
indwg = 1
yfix(i) = 0

i = 24
y(i,) = 5.35483
weight(i) = 1
indwg = 1
yfix(i) = 0

i = 25
y(i,) = 5.04343
weight(i) = 1
indwg = 1
yfix(i) = 0

BEFORE DINVX

vcv = 
26.0000 -2.58682e-014 -5.09592e-014 0.00000 0.00000
-2.58682e-014 25.0000 24.9152 0.00000 0.00000
-5.09592e-014 24.9152 25.0000 0.00000 0.00000
0.00000 0.00000 0.00000 0.00000 0.00000
0.00000 0.00000 0.00000 0.00000 0.00000

ntermm = 3
idim = 5

DINVX**1**

imax = 1
jmax = 1
jc = 1 2 3 0 0
ir = 1 2 3 0 0
temp = 26
tol = 2.6e-019
nr = 3
ntp1 = 4

DINVX**2**

vcv = 26.0000 -2.58682e-014 -5.09592e-014 0.00000 0.00000
-2.58682e-014 25.0000 24.9152 0.00000 0.00000
-5.09592e-014 24.9152 25.0000 0.00000 0.00000
0.00000 0.00000 0.00000 0.00000 0.00000
0.00000 0.00000 0.00000 0.00000 0.00000


DINVX**3**

vcv = 
26.0000 -2.58682e-014 -5.09592e-014 0.00000 0.00000
-2.58682e-014 25.0000 24.9152 0.00000 0.00000
-5.09592e-014 24.9152 25.0000 0.00000 0.00000
0.00000 0.00000 0.00000 0.00000 0.00000
0.00000 0.00000 0.00000 0.00000 0.00000


DINVX**4**

jc = 1 2 3 0 0
ir = 1 2 3 0 0

DINVX**4**

vcv = 
26.0000 -2.58682e-014 -5.09592e-014 1.00000 0.00000
-2.58682e-014 25.0000 24.9152 0.00000 0.00000
-5.09592e-014 24.9152 25.0000 0.00000 0.00000
0.00000 0.00000 0.00000 0.00000 0.00000
0.00000 0.00000 0.00000 0.00000 0.00000


DINVX**5**

vcv = 
1.00000 -9.94931e-016 -1.95997e-015 0.0384615 0.00000
0.00000 25.0000 24.9152 9.94931e-016 0.00000
0.00000 24.9152 25.0000 1.95997e-015 0.00000
0.00000 0.00000 0.00000 0.00000 0.00000
0.00000 0.00000 0.00000 0.00000 0.00000


DINVX**1**

imax = 2
jmax = 2
jc = 1 2 3 0 0
ir = 1 2 3 0 0
temp = 25
tol = 2.6e-019
nr = 3
ntp1 = 4

DINVX**2**

vcv = 0.0384615 -9.94931e-016 -1.95997e-015 0.0384615 0.00000
9.94931e-016 25.0000 24.9152 9.94931e-016 0.00000
1.95997e-015 24.9152 25.0000 1.95997e-015 0.00000
0.00000 0.00000 0.00000 0.00000 0.00000
0.00000 0.00000 0.00000 0.00000 0.00000


DINVX**3**

vcv = 
0.0384615 -9.94931e-016 -1.95997e-015 0.0384615 0.00000
9.94931e-016 25.0000 24.9152 9.94931e-016 0.00000
1.95997e-015 24.9152 25.0000 1.95997e-015 0.00000
0.00000 0.00000 0.00000 0.00000 0.00000
0.00000 0.00000 0.00000 0.00000 0.00000


DINVX**4**

jc = 1 2 3 0 0
ir = 1 2 3 0 0

DINVX**4**

vcv = 
0.0384615 -9.94931e-016 -1.95997e-015 0.00000 0.00000
9.94931e-016 25.0000 24.9152 1.00000 0.00000
1.95997e-015 24.9152 25.0000 0.00000 0.00000
0.00000 0.00000 0.00000 0.00000 0.00000
0.00000 0.00000 0.00000 0.00000 0.00000


DINVX**5**

vcv = 
0.0384615 0.00000 -9.68414e-016 3.97972e-017 0.00000
3.97972e-017 1.00000 0.996609 0.0400000 0.00000
9.68414e-016 0.00000 0.169260 -0.996609 0.00000
0.00000 0.00000 0.00000 0.00000 0.00000
0.00000 0.00000 0.00000 0.00000 0.00000


DINVX**1**

imax = 3
jmax = 3
jc = 1 2 3 0 0
ir = 1 2 3 0 0
temp = 0.16926
tol = 2.6e-019
nr = 3
ntp1 = 4

DINVX**2**

vcv = 0.0384615 3.97972e-017 -9.68414e-016 3.97972e-017 0.00000
3.97972e-017 0.0400000 0.996609 0.0400000 0.00000
9.68414e-016 -0.996609 0.169260 -0.996609 0.00000
0.00000 0.00000 0.00000 0.00000 0.00000
0.00000 0.00000 0.00000 0.00000 0.00000


DINVX**3**

vcv = 
0.0384615 3.97972e-017 -9.68414e-016 3.97972e-017 0.00000
3.97972e-017 0.0400000 0.996609 0.0400000 0.00000
9.68414e-016 -0.996609 0.169260 -0.996609 0.00000
0.00000 0.00000 0.00000 0.00000 0.00000
0.00000 0.00000 0.00000 0.00000 0.00000


DINVX**4**

jc = 1 2 3 0 0
ir = 1 2 3 0 0

DINVX**4**

vcv = 
0.0384615 3.97972e-017 -9.68414e-016 0.00000 0.00000
3.97972e-017 0.0400000 0.996609 0.00000 0.00000
9.68414e-016 -0.996609 0.169260 1.00000 0.00000
0.00000 0.00000 0.00000 0.00000 0.00000
0.00000 0.00000 0.00000 0.00000 0.00000


DINVX**5**

vcv = 
0.0384615 -5.66225e-015 0.00000 5.72145e-015 0.00000
-5.66225e-015 5.90806 0.00000 -5.88803 0.00000
5.72145e-015 -5.88803 1.00000 5.90806 0.00000
0.00000 0.00000 0.00000 0.00000 0.00000
0.00000 0.00000 0.00000 0.00000 0.00000


DINVX**6**

vcv = 
0.0384615 -5.66225e-015 5.72145e-015 5.72145e-015 0.00000
-5.66225e-015 5.90806 -5.88803 -5.88803 0.00000
5.72145e-015 -5.88803 5.90806 5.90806 0.00000
0.00000 0.00000 0.00000 0.00000 0.00000
0.00000 0.00000 0.00000 0.00000 0.00000


DINVX**7**

vcv = 
0.0384615 -5.66225e-015 5.72145e-015 5.72145e-015 0.00000
-5.66225e-015 5.90806 -5.88803 -5.88803 0.00000
5.72145e-015 -5.88803 5.90806 5.90806 0.00000
0.00000 0.00000 0.00000 0.00000 0.00000
0.00000 0.00000 0.00000 0.00000 0.00000

ir = 
1 2 3 0 0
jc = 
1 2 3 0 0

AFTER DINVX

vcv = 
0.0384615 -5.66225e-015 5.72145e-015 5.72145e-015 0.00000
-5.66225e-015 5.90806 -5.88803 -5.88803 0.00000
5.72145e-015 -5.88803 5.90806 5.90806 0.00000
0.00000 0.00000 0.00000 0.00000 0.00000
0.00000 0.00000 0.00000 0.00000 0.00000

ntermm = 3
idim = 5

BEFORE WLRSRD

vcv = 
0.0384615 -5.66225e-015 5.72145e-015 5.72145e-015 0.00000
-5.66225e-015 5.90806 -5.88803 -5.88803 0.00000
5.72145e-015 -5.88803 5.90806 5.90806 0.00000
0.00000 0.00000 0.00000 0.00000 0.00000
0.00000 0.00000 0.00000 0.00000 0.00000

resid = 
-0.277287
-2.12771
0.190422
-0.511843
-0.946106
0.330503
0.310344
0.193764
-0.137257
0.420803
0.455745
0.692731
0.842291
0.436226
-0.121803
0.569223
0.443540
-0.830510
-0.344176
0.0446667
0.0697259
-0.153754
0.256818
-0.00277530
0.0160358
0.180381

idim = 5
beta = 3.69945 3.28944 -4.42892 0 0
sd = 0.635773

AFTER WLRSRD

resid = 
-0.283990
-2.15401
0.197195
-0.533955
-0.948745
0.305496
0.307387
0.199757
-0.130265
0.397060
0.486772
0.708213
0.850782
0.442702
-0.127168
0.554658
0.439979
-0.832732
-0.337199
0.0516541
0.0766731
0.00493206
0.234909
-0.0401004
-0.0220796
0.152076

beta = 3.69945 3.28944 -4.42892 0 0
sd = 0.639929

AFTER MATEXP

vcv = 
0.0384615 -5.66225e-015 5.72145e-015 5.72145e-015 0.00000
-5.66225e-015 5.90806 -5.88803 -5.88803 0.00000
5.72145e-015 -5.88803 5.90806 5.90806 0.00000
0.00000 0.00000 0.00000 0.00000 0.00000
0.00000 0.00000 0.00000 0.00000 0.00000

ntermm = 3
idim = 5

END OF WLSQ1

vcv = 
0.0157504 -2.31874e-015 2.34299e-015 5.72145e-015 0.00000
-2.31874e-015 2.41941 -2.41120 -5.88803 0.00000
2.34299e-015 -2.41120 2.41941 5.90806 0.00000
0.00000 0.00000 0.00000 0.00000 0.00000
0.00000 0.00000 0.00000 0.00000 0.00000

nter = 3
ntermm = 3
idim = 5
nitr = 2
maxitr = 25
thetas = 3.69945 3.28944 -4.42892 0.639929 0

CCHECK**5**

i = 0
thetas(i) = 3.69945
thtmp(i) = 3.68728
diff = 0.0121691
reldiff = 0.00330028
lrel = 1
lconv = 1
i = 1
thetas(i) = 3.28944
thtmp(i) = 3.17749
diff = 0.111951
reldiff = 0.0352327
lrel = 1
lconv = 1

ESTEP**5**

i = 0
codes(i) = 1
phibm = 0
phib = 0
phis = 0
xmu = 0
sigma = 0.639929
y(i,) = 1.74624
times(i) = 1.74624
i = 1
codes(i) = 1
phibm = 0
phib = 0
phis = 0
xmu = 0
sigma = 0.639929
y(i,) = 2.63541
times(i) = 2.63541
i = 2
codes(i) = 1
phibm = 0
phib = 0
phis = 0
xmu = 0
sigma = 0.639929
y(i,) = 2.7483
times(i) = 2.7483
i = 3
codes(i) = 1
phibm = 0
phib = 0
phis = 0
xmu = 0
sigma = 0.639929
y(i,) = 4.03818
times(i) = 4.03818
i = 4
codes(i) = 1
phibm = 0
phib = 0
phis = 0
xmu = 0
sigma = 0.639929
y(i,) = 2.49122
times(i) = 2.49122
i = 5
codes(i) = 1
phibm = 0
phib = 0
phis = 0
xmu = 0
sigma = 0.639929
y(i,) = 5.02834
times(i) = 5.02834
i = 6
codes(i) = 1
phibm = 0
phib = 0
phis = 0
xmu = 0
sigma = 0.639929
y(i,) = 3.76887
times(i) = 3.76887
i = 7
codes(i) = 1
phibm = 0
phib = 0
phis = 0
xmu = 0
sigma = 0.639929
y(i,) = 2.89409
times(i) = 2.89409
i = 8
codes(i) = 1
phibm = 0
phib = 0
phis = 0
xmu = 0
sigma = 0.639929
y(i,) = 2.27727
times(i) = 2.27727
i = 9
codes(i) = 1
phibm = 0
phib = 0
phis = 0
xmu = 0
sigma = 0.639929
y(i,) = 5.05449
times(i) = 5.05449
i = 10
codes(i) = 2
phibm = 0.511035
phib = 0.488965
phis = 0.39879
xmu = 4.74481
sigma = 0.639929
y(i,) = 4.7271
times(i) = 5.24418
i = 11
codes(i) = 2
phibm = 0.318056
phib = 0.681944
phis = 0.356696
xmu = 4.6253
sigma = 0.639929
y(i,) = 4.92808
times(i) = 5.34298
i = 12
codes(i) = 2
phibm = 0.222069
phib = 0.777931
phis = 0.297684
xmu = 4.31738
sigma = 0.639929
y(i,) = 4.80707
times(i) = 5.1752
i = 13
codes(i) = 1
phibm = 0.222069
phib = 0.777931
phis = 0.297684
xmu = 4.31738
sigma = 0.639929
y(i,) = 3.05871
times(i) = 3.05871
i = 14
codes(i) = 1
phibm = 0.222069
phib = 0.777931
